#LOCATION,Year,Month,Day,Hour,Minute,Data_Source,Dry_Bulb_Temp_(C),Dew_Point_Temp_(C),Rel_Humidity_(%),Pressure_(Pa),ETHR_(Wh/m2),ETDNR_(Wh/m2),HIRIFS_(Wh/m2),GHR_(Wh/m2),DNR_(Wh/m2),DIFFHR_(Wh/m2),GHI_(lux),DNI_(lux),DHI_(lux),Z_(lux),Wind_Dir_(degrees),Wind_Speed_(m/s),TSC_(tenths),OSC_(tenths),Visibility_(km),Ceil_Height_(m),Pres_Weather,Pres_Weather_Code,Precip_Water_(mm),Aerosol_Opt_Depth_(thousands),Snow_Depth_(cm),Days_Last_Snow,Albedo,Liquid_Precip_Depth_(mm),Liquid_Precip_Rate_(hours)
MEXICO_CITY,1991,1,1,10,60,A7A7E8B8*0G9G9G9I9I9I9I9A7A7A7*0A7A7*0E8*0*0,13.0,9.0,77,78000,646,1415,327,338,336,184,37200,30900,23300,3820,0,0.0,9,5,4.8,2700,0,999999909,0,0.0580,0,88,0.000,0.0,0.0
CARACAS,1984,1,1,12,60,A7A7E8B8*0H9H9H9I9I9I9I9A7A7B8B8A7A7*0E8*0*0,30.0,19.0,52,100800,1129,1415,409,823,887,112,90400,93700,15200,3320,180,2.5,1,1,11.2,22000,9,999999999,0,0.2350,0,88,0.000,0.0,0.0
NAIROBI,1992,1,1,19,60,B8B8E8*0*0H9H9H9I9I9I9I9*0B8B8B8B8*0*0E8*0*0,19.9,12.4,62,83277,66,1415,350,13,0,13,1400,0,1400,430,30,6.5,5,1,30.0,9000,9,999999999,0,0.1740,0,88,0.000,0.0,0.0
DIRE_DAWA_MIL_CIV,1995,1,1,19,60,B8B8E8B8*0H5H5H5I5I5I5I5E9B8B8E9*0*0F80F9?9?,23.8,11.0,45,89300,0,0,372,0,0,0,0,0,0,0,30,2.0,3,2,30.0,77777,9,999999999,20,0.0160,899,9,0.000,0.0,0.0
NADI,1990,1,1,4,60,C9C9C9C9*0?9?9?9?9?9?9?9*0B8B8B8B8*0*0E8*0*0,23.1,19.1,78,100600,0,1415,373,0,0,0,0,0,0,0,90,1.5,4,1,20.0,22000,9,999999999,0,0.1100,0,88,0.000,0.0,0.0
MELBOURNE,1996,1,1,2,60,C9C9C9C9*0?9?9?9?9?9?9?9A7A7B8B8A7A7*0E8*0*0,16.3,16.0,98,99100,0,1415,357,0,0,0,0,0,0,0,0,0.0,10,7,11.3,1200,9,999999999,0,0.1540,0,88,0.000,0.0,0.0
DARWIN,1990,1,1,1,60,C9C9C9C9*0?9?9?9?9?9?9?9A7A7B8B8A7A7*0E8*0*0,26.0,23.6,87,100500,0,1415,394,0,0,0,0,0,0,0,0,0.0,6,1,11.2,10500,9,999999999,0,0.1690,0,88,0.000,0.0,0.0
COMBOLCHA_DESSIE,1979,1,1,19,60,E9E9E9E9*0H5H5H5I5I5I5I5E9E9E9E9*0*0F84F9?9?,17.7,15.1,85,82200,2,130,363,0,2,0,0,0,0,0,0,0.0,7,7,25.0,3000,9,999999999,26,0.0050,899,9,0.000,0.0,0.0
ASUNCION,1993,1,1,13,60,C8C8E8C8*0H9H9H9I9I9I9I9*0C8C8C8C8*0*0E8*0*0,30.3,23.2,66,100000,1395,1415,416,711,220,494,80600,18400,60400,42050,330,4.4,7,1,11.1,990,9,999999999,0,0.3030,0,88,0.000,0.0,0.0
ACAPULCO,1987,1,1,10,60,A7A7E8B8*0G9G9G9I9I9I9I9A7A7A7*0A7A7*0E8*0*0,27.0,20.0,66,101300,672,1415,410,426,583,148,46900,49300,21800,3030,0,0.0,0,5,12.8,22000,9,999999999,0,0.1420,0,88,0.000,0.0,0.0
HARARE,1989,1,1,18,60,B8B8E8*0*0H9H9H9I9I9I9I9*0B8B8B8B8*0*0E8*0*0,23.8,13.2,52,84525,323,1415,379,105,34,97,11700,2600,11200,2480,140,4.3,7,3,30.0,2700,9,999999999,0,0.1270,0,88,0.000,0.0,0.0
HAMBANTOTA,1996,1,1,23,60,E9E9E9E9*0H5H5H5I5I5I5I5E9E9E9E9*0*0F87F9?9?,24.8,22.6,88,100900,0,0,405,0,0,0,0,0,0,0,50,5.5,7,6,24.0,4500,9,999999999,44,0.0170,899,9,0.000,0.0,0.0
MOUNT_WASHINGTON,1995,1,1,11,60,XXXXXXX,-1.2,-1.2,100,79500,E1,E2,H1,74,D1,D2,G1,D3,D4,Z1,W1,18.0,T1,O1,V1,C1,P1,P2,P3,X1,X2,X3,X4,X5,X6
BURKE_LAKEFRONT,2003,1,1,11,60,XXXXXXX,1.0,-1.0,86,99200,E1,E2,H1,312,D1,D2,G1,D3,D4,Z1,W1,9.8,T1,O1,V1,C1,P1,P2,P3,X1,X2,X3,X4,X5,X6
