#LOCATION,Year,Month,Day,Hour,Minute,Data_Source,Dry_Bulb_Temp_(C),Dew_Point_Temp_(C),Rel_Humidity_(%),Pressure_(Pa),ETHR_(Wh/m2),ETDNR_(Wh/m2),HIRIFS_(Wh/m2),GHR_(Wh/m2),DNR_(Wh/m2),DIFFHR_(Wh/m2),GHI_(lux),DNI_(lux),DHI_(lux),Z_(lux),Wind_Dir_(degrees),Wind_Speed_(m/s),TSC_(tenths),OSC_(tenths),Visibility_(km),Ceil_Height_(m),Pres_Weather,Pres_Weather_Code,Precip_Water_(mm),Aerosol_Opt_Depth_(thousands),Snow_Depth_(cm),Days_Last_Snow,Albedo,Liquid_Precip_Depth_(mm),Liquid_Precip_Rate_(hours)
MEXICO_CITY,1991,1,1,14,60,A7A7E8B8*0G9G9G9I9I9I9I9A7A7A7*0A7A7*0E8*0*0,22.0,6.0,35,77600,1010,1415,366,803,535,419,87300,53300,48600,12430,310,3.1,2,5,8.0,22000,0,999999909,0,0.0580,0,88,0.000,0.0,0.0
CARACAS,1984,1,1,16,60,A7A7E8B8*0H9H9H9I9I9I9I9A7A7B8B8A7A7*0E8*0*0,29.0,24.0,74,100600,804,1415,410,515,706,113,58400,66800,18100,2630,90,2.5,1,1,11.2,22000,9,999999999,0,0.2350,0,88,0.000,0.0,0.0
NAIROBI,1992,1,1,23,60,B8B8E8*0*0?9?9?9?9?9?9?9*0B8B8B8B8*0*0E8*0*0,15.1,13.6,90,83277,0,1415,329,0,0,0,0,0,0,0,30,2.0,1,1,20.6,22000,9,999999999,0,0.1740,0,88,0.000,0.0,0.0
DIRE_DAWA_MIL_CIV,1995,1,1,23,60,B8B8E8B8*0H5H5H5I5I5I5I5E9B8B8E9*0*0F80F9?9?,19.3,11.1,59,89400,0,0,346,0,0,0,0,0,0,0,0,0.2,1,1,30.0,77777,9,999999999,20,0.0160,899,9,0.000,0.0,0.0
NADI,1990,1,1,8,60,B8C8E8B8*0H9H9H9I9I9I9I9*0B8B8B8B8*0*0E8*0*0,27.0,19.1,62,100600,576,1415,393,354,558,127,38700,46000,18700,2470,90,1.9,2,1,40.0,22000,9,999999999,0,0.1100,0,88,0.000,0.0,0.0
MELBOURNE,1996,1,1,6,60,C9C9C9C9*0G9G9G9I9I9I9I9A7A7A7A7A7A7*0E8*0*0,16.9,16.5,98,99000,102,1415,375,15,0,15,1700,0,1700,550,160,1.5,9,9,3.5,750,0,939999999,0,0.1540,0,88,0.000,0.0,0.0
DARWIN,1990,1,1,5,60,C9C9C9C9*0?9?9?9?9?9?9?9A7A7B8B8A7*0*0E8*0*0,24.3,22.4,89,100400,0,1415,383,0,0,0,0,0,0,0,0,0.0,6,1,9.9,22000,9,999999999,0,0.1690,0,88,0.000,0.0,0.0
COMBOLCHA_DESSIE,1979,1,1,23,60,E9E9E9E9*0H5H5H5I5I5I5I5E9E9E9E9*0*0F84F9?9?,16.7,15.2,91,82200,0,0,372,0,0,0,0,0,0,0,0,0.0,9,9,10.0,540,9,999999999,27,0.0050,899,9,0.000,0.0,0.0
ASUNCION,1993,1,1,17,60,C8C8E8C8*0H9H9H9I9I9I9I9*0C8C8C8C8*0*0E8*0*0,29.7,24.0,72,99900,653,1415,406,266,114,213,30200,9300,25000,6080,330,3.3,7,0,17.4,990,9,999999999,0,0.3030,0,88,0.000,0.0,0.0
ACAPULCO,1987,1,1,14,60,A7A7E8B8*0G9G9G9I9I9I9I9A7A7A7*0A7A7*0E8*0*0,31.0,22.0,59,101100,1056,1415,435,551,133,451,62400,11900,52300,15750,180,6.2,9,5,12.8,21000,9,999999999,0,0.1420,0,88,0.000,0.0,0.0
HARARE,1989,1,1,22,60,B8B8E8*0*0?9?9?9?9?9?9?9*0B8B8B8B8*0*0E8*0*0,19.3,13.7,70,84525,0,1415,353,0,0,0,0,0,0,0,140,0.8,2,2,30.0,2700,9,999999999,0,0.1270,0,88,0.000,0.0,0.0
HAMBANTOTA,1996,1,1,3,60,E9E9E9E9*0H5H5H5I5I5I5I5E9E9E9E9*0*0F87F9?9?,24.4,19.5,74,100900,0,0,392,0,0,0,0,0,0,0,50,2.5,7,4,777.7,77777,9,999999999,36,0.0170,899,9,0.000,0.0,0.0
MOUNT_WASHINGTON,1995,1,1,15,60,XXXXXXX,-2.3,-2.3,100,79400,E1,E2,H1,48,D1,D2,G1,D3,D4,Z1,W1,18.0,T1,O1,V1,C1,P1,P2,P3,X1,X2,X3,X4,X5,X6
BURKE_LAKEFRONT,2003,1,1,15,60,XXXXXXX,1.0,-1.0,86,98800,E1,E2,H1,99,D1,D2,G1,D3,D4,Z1,W1,11.3,T1,O1,V1,C1,P1,P2,P3,X1,X2,X3,X4,X5,X6
