#LOCATION,Year,Month,Day,Hour,Minute,Data_Source,Dry_Bulb_Temp_(C),Dew_Point_Temp_(C),Rel_Humidity_(%),Pressure_(Pa),ETHR_(Wh/m2),ETDNR_(Wh/m2),HIRIFS_(Wh/m2),GHR_(Wh/m2),DNR_(Wh/m2),DIFFHR_(Wh/m2),GHI_(lux),DNI_(lux),DHI_(lux),Z_(lux),Wind_Dir_(degrees),Wind_Speed_(m/s),TSC_(tenths),OSC_(tenths),Visibility_(km),Ceil_Height_(m),Pres_Weather,Pres_Weather_Code,Precip_Water_(mm),Aerosol_Opt_Depth_(thousands),Snow_Depth_(cm),Days_Last_Snow,Albedo,Liquid_Precip_Depth_(mm),Liquid_Precip_Rate_(hours)
MEXICO_CITY,1991,1,1,17,60,A7A7E8B8*0G9G9G9I9I9I9I9A7A7A7*0A7A7*0E8*0*0,21.0,5.0,35,77500,470,1415,360,319,544,137,34000,46900,18700,2580,300,3.1,2,5,11.2,22000,9,999999999,0,0.0580,0,88,0.000,0.0,0.0
CARACAS,1984,1,1,19,60,A7A7E8B8*0H9H9H9I9I9I9I9A7A7B8B8A7A7*0E8*0*0,25.0,24.0,94,100600,7,1415,381,1,0,1,200,0,200,50,110,1.0,0,0,11.2,22000,9,999999999,0,0.2350,0,88,0.000,0.0,0.0
NAIROBI,1992,1,1,2,60,C9C9C9*0*0?9?9?9?9?9?9?9*0B8B8B8B8*0*0E8*0*0,14.6,13.1,90,83277,0,1415,334,0,0,0,0,0,0,0,180,2.4,7,3,30.0,77777,9,999999999,0,0.1740,0,88,0.000,0.0,0.0
DIRE_DAWA_MIL_CIV,1995,1,1,2,60,B8B8E8B8*0H5H5H5I5I5I5I5E9B8B8E9*0*0F80F9?9?,19.2,10.5,57,89500,0,0,352,0,0,0,0,0,0,0,50,0.6,3,3,777.7,77777,9,999999999,19,0.0160,899,9,0.000,0.0,0.0
NADI,1990,1,1,11,60,B8C8E8B8*0H9H9H9I9I9I9I9*0B8B8B8B8*0*0E8*0*0,29.8,19.1,53,100600,1282,1415,414,983,992,81,108900,105300,10900,4080,100,4.3,2,2,50.0,22000,9,999999999,0,0.1100,0,88,0.000,0.0,0.0
MELBOURNE,1996,1,1,9,60,A7A7E8E8*0G9G9G9I9I9I9I9A7A7A7A7A7A7*0E8*0*0,19.4,18.9,97,99000,877,1415,376,392,101,329,44100,9100,38000,10390,260,1.5,9,7,25.0,600,9,999999999,0,0.1540,0,88,0.000,0.0,0.0
DARWIN,1990,1,1,8,60,A7A7E8E8*0H9H9H9I9I9I9I9A7A7B8B8A7A7*0E8*0*0,25.0,23.0,89,100600,342,1415,388,101,60,86,11400,4200,10200,2230,0,0.0,8,1,11.2,4200,9,999999999,0,0.1690,0,88,0.000,0.0,0.0
COMBOLCHA_DESSIE,1979,1,1,2,60,E9E9E9E9*0H5H5H5I5I5I5I5E9E9E9E9*0*0F84F9?9?,17.2,14.3,83,82200,0,0,374,0,0,0,0,0,0,0,0,0.7,9,9,777.7,77777,9,999999999,25,0.0050,899,9,0.000,0.0,0.0
ASUNCION,1993,1,1,20,60,C8C8E8C8*0?9?9?9?9?9?9?9*0C8C8C8C8*0*0E8*0*0,26.9,24.2,85,100000,0,1415,391,0,0,0,0,0,0,0,330,1.9,6,0,16.2,990,9,999999999,0,0.3030,0,88,0.000,0.0,0.0
ACAPULCO,1987,1,1,17,60,A7A7E8B8*0G9G9G9I9I9I9I9A7A7A7*0A7A7*0E8*0*0,30.0,22.0,62,101100,517,1415,429,293,560,87,32200,49000,14000,1690,200,5.1,2,5,16.0,22000,9,999999999,0,0.1420,0,88,0.000,0.0,0.0
HARARE,1989,1,1,1,60,C9C9C9*0*0?9?9?9?9?9?9?9*0B8B8B8B8*0*0E8*0*0,17.9,14.5,80,84525,0,1415,356,0,0,0,0,0,0,0,180,1.5,5,5,30.0,77777,9,999999999,0,0.1270,0,88,0.000,0.0,0.0
HAMBANTOTA,1996,1,1,6,60,E9E9E9E9*0H5H5H5I5I5I5I5E9E9E9E9E9E9F87F9?9?,24.0,18.7,72,100800,0,0,382,0,0,0,0,0,0,0,50,3.3,7,2,22.0,9000,9,999999999,34,0.0170,899,9,0.000,0.0,0.0
MOUNT_WASHINGTON,1995,1,1,18,60,XXXXXXX,-6.7,-6.7,100,79300,E1,E2,H1,0,D1,D2,G1,D3,D4,Z1,W1,15.4,T1,O1,V1,C1,P1,P2,P3,X1,X2,X3,X4,X5,X6
BURKE_LAKEFRONT,2003,1,1,18,60,XXXXXXX,0.0,-2.0,85,99000,E1,E2,H1,0,D1,D2,G1,D3,D4,Z1,W1,10.3,T1,O1,V1,C1,P1,P2,P3,X1,X2,X3,X4,X5,X6
