#LOCATION,Year,Month,Day,Hour,Minute,Data_Source,Dry_Bulb_Temp_(C),Dew_Point_Temp_(C),Rel_Humidity_(%),Pressure_(Pa),ETHR_(Wh/m2),ETDNR_(Wh/m2),HIRIFS_(Wh/m2),GHR_(Wh/m2),DNR_(Wh/m2),DIFFHR_(Wh/m2),GHI_(lux),DNI_(lux),DHI_(lux),Z_(lux),Wind_Dir_(degrees),Wind_Speed_(m/s),TSC_(tenths),OSC_(tenths),Visibility_(km),Ceil_Height_(m),Pres_Weather,Pres_Weather_Code,Precip_Water_(mm),Aerosol_Opt_Depth_(thousands),Snow_Depth_(cm),Days_Last_Snow,Albedo,Liquid_Precip_Depth_(mm),Liquid_Precip_Rate_(hours)
MEXICO_CITY,1991,1,1,22,60,A7A7E8B8*0?9?9?9?9?9?9?9A7A7A7*0A7A7*0E8*0*0,15.0,6.0,55,77700,0,1415,333,0,0,0,0,0,0,0,10,3.6,9,5,19.2,900,9,999999999,0,0.0580,0,88,0.000,0.0,0.0
CARACAS,1984,1,1,24,60,B8C8E8B8*0?9?9?9?9?9?9?9*0B8B8B8B8*0*0E8*0*0,23.2,19.6,80,100800,0,1415,367,0,0,0,0,0,0,0,0,0.0,0,0,9.9,22000,9,999999999,0,0.2350,0,88,0.000,0.0,0.0
NAIROBI,1992,1,1,7,60,B8B8E8*0*0H9H9H9I9I9I9I9*0B8B8B8B8*0*0E8*0*0,14.0,11.7,86,83277,34,1415,322,7,0,7,800,0,800,250,0,1.5,2,1,8.0,22000,9,999999999,0,0.1740,0,88,0.000,0.0,0.0
DIRE_DAWA_MIL_CIV,1995,1,1,7,60,B8B8E8B8*0H5H5H5I5I5I5I5E9B8B8E9*0*0F80F9?9?,18.0,10.5,62,89700,38,653,352,10,12,9,1100,400,1100,190,50,0.3,7,5,777.7,77777,9,999999999,19,0.0160,899,9,0.000,0.0,0.0
NADI,1990,1,1,16,60,B8C8E8B8*0H9H9H9I9I9I9I9*0B8B8B8B8*0*0E8*0*0,30.0,20.7,57,100500,976,1415,428,686,827,114,76800,85800,16300,3060,300,5.7,5,5,50.0,22000,9,999999999,0,0.1100,0,88,0.000,0.0,0.0
MELBOURNE,1996,1,1,14,60,A7A7E8E8*0H9H9H9I9I9I9I9A7A7B8B8A7A7*0E8*0*0,17.0,17.0,100,99000,1323,1415,386,409,31,380,46200,2800,44100,20620,200,4.1,10,10,3.0,30,0,999999099,0,0.1540,0,88,0.000,0.0,0.0
DARWIN,1990,1,1,13,60,A7A7E8E8*0H9H9H9I9I9I9I9A7A7B8B8A7A7*0E8*0*0,31.0,23.0,63,100600,1382,1415,430,758,157,604,84800,13000,72700,46010,0,0.0,8,3,11.2,10500,9,999999999,0,0.1690,0,88,0.000,0.0,0.0
COMBOLCHA_DESSIE,1979,1,1,7,60,E9E9E9E9*0H5H5H5I5I5I5I5E9E9E9E9*0*0F84F9?9?,15.6,14.6,94,82200,15,389,376,2,1,2,0,0,0,0,90,1.3,10,10,15.0,450,9,999999999,26,0.0050,899,9,0.000,0.0,0.0
ASUNCION,1993,1,1,1,60,C9C9C9C9*0?9?9?9?9?9?9?9*0B8B8C8B8*0*0E8*0*0,23.5,20.8,85,99900,0,1415,389,0,0,0,0,0,0,0,180,1.0,7,4,10.6,77777,9,999999999,0,0.3030,0,88,0.000,0.0,0.0
ACAPULCO,1987,1,1,22,60,A7C8E8B8*0?9?9?9?9?9?9?9*0B8A7*0A7A7*0E8*0*0,26.0,22.5,81,101400,0,1415,408,0,0,0,0,0,0,0,0,0.0,2,5,12.8,22000,9,999999999,0,0.1420,0,88,0.000,0.0,0.0
HARARE,1989,1,1,6,60,C9C9C9*0*0G9G9G9I9I9I9I9A7A7A7A7A7A7*0E8*0*0,15.8,13.1,84,84525,50,1415,331,7,0,7,800,0,800,240,80,2.6,9,1,30.0,9000,9,999999999,0,0.1270,0,88,0.000,0.0,0.0
HAMBANTOTA,1996,1,1,11,60,E9E9E9E9*0H5H5H5I5I5I5I5E9E9E9E9*0*0F87F9?9?,27.3,20.7,67,101000,1036,1414,421,436,82,376,49300,7300,44000,13390,50,5.0,9,7,22.0,9000,9,999999999,39,0.0170,899,9,0.000,0.0,0.0
MOUNT_WASHINGTON,1995,1,1,23,60,XXXXXXX,-7.3,-7.3,100,79100,E1,E2,H1,0,D1,D2,G1,D3,D4,Z1,W1,21.6,T1,O1,V1,C1,P1,P2,P3,X1,X2,X3,X4,X5,X6
BURKE_LAKEFRONT,2003,1,1,23,60,XXXXXXX,0.0,-2.0,85,99200,E1,E2,H1,0,D1,D2,G1,D3,D4,Z1,W1,10.8,T1,O1,V1,C1,P1,P2,P3,X1,X2,X3,X4,X5,X6
