#LOCATION,Year,Month,Day,Hour,Minute,Data_Source,Dry_Bulb_Temp_(C),Dew_Point_Temp_(C),Rel_Humidity_(%),Pressure_(Pa),ETHR_(Wh/m2),ETDNR_(Wh/m2),HIRIFS_(Wh/m2),GHR_(Wh/m2),DNR_(Wh/m2),DIFFHR_(Wh/m2),GHI_(lux),DNI_(lux),DHI_(lux),Z_(lux),Wind_Dir_(degrees),Wind_Speed_(m/s),TSC_(tenths),OSC_(tenths),Visibility_(km),Ceil_Height_(m),Pres_Weather,Pres_Weather_Code,Precip_Water_(mm),Aerosol_Opt_Depth_(thousands),Snow_Depth_(cm),Days_Last_Snow,Albedo,Liquid_Precip_Depth_(mm),Liquid_Precip_Rate_(hours)
MEXICO_CITY,1991,1,1,20,60,A7A7E8B8*0?9?9?9?9?9?9?9A7A7A7*0A7A7*0E8*0*0,16.0,4.0,45,77700,0,1415,335,0,0,0,0,0,0,0,40,4.1,2,5,19.2,22000,9,999999999,0,0.0580,0,88,0.000,0.0,0.0
CARACAS,1984,1,1,22,60,A7A7E8B8*0?9?9?9?9?9?9?9A7A7B8B8A7*0*0E8*0*0,23.0,20.0,83,100700,0,1415,367,0,0,0,0,0,0,0,0,0.0,0,0,9.9,22000,9,999999999,0,0.2350,0,88,0.000,0.0,0.0
NAIROBI,1992,1,1,5,60,C9C9C9*0*0?9?9?9?9?9?9?9*0B8B8B8B8*0*0E8*0*0,12.7,12.0,96,83277,0,1415,316,0,0,0,0,0,0,0,10,0.9,3,1,11.3,2400,9,999999999,0,0.1740,0,88,0.000,0.0,0.0
DIRE_DAWA_MIL_CIV,1995,1,1,5,60,B8B8E8B8*0H5H5H5I5I5I5I5E9B8B8E9*0*0F80F9?9?,18.5,10.5,60,89600,0,0,352,0,0,0,0,0,0,0,50,0.4,5,4,777.7,77777,9,999999999,19,0.0160,899,9,0.000,0.0,0.0
NADI,1990,1,1,14,60,B8C8E8B8*0H9H9H9I9I9I9I9*0B8B8B8B8*0*0E8*0*0,30.4,19.9,53,100500,1336,1415,422,1025,969,107,112900,103000,14000,6400,290,6.0,3,3,50.0,22000,9,999999999,0,0.1100,0,88,0.000,0.0,0.0
MELBOURNE,1996,1,1,12,60,A7A7E8E8*0G9G9G9I9I9I9I9A7A7A7A7A7A7*0E8*0*0,19.0,18.5,97,99000,1338,1415,399,413,29,386,46800,2600,45000,21780,210,5.1,10,10,3.0,90,0,949999999,0,0.1540,0,88,0.000,0.0,0.0
DARWIN,1990,1,1,11,60,A7A7E8E8*0H9H9H9I9I9I9I9A7A7B8B8A7A7*0E8*0*0,29.0,25.0,79,100700,1159,1415,417,609,262,394,67800,20200,53400,14890,0,0.0,8,2,11.2,10500,9,999999999,0,0.1690,0,88,0.000,0.0,0.0
COMBOLCHA_DESSIE,1979,1,1,5,60,E9E9E9E9*0H5H5H5I5I5I5I5E9E9E9E9*0*0F84F9?9?,16.0,14.4,90,82200,0,0,367,0,0,0,0,0,0,0,0,1.3,10,9,15.0,720,9,999999999,25,0.0050,899,9,0.000,0.0,0.0
ASUNCION,1993,1,1,23,60,C8C8E8C8*0?9?9?9?9?9?9?9*0C8C8C8C8*0*0E8*0*0,26.1,24.3,90,100000,0,1415,387,0,0,0,0,0,0,0,330,0.8,3,0,15.7,990,9,999999999,0,0.3030,0,88,0.000,0.0,0.0
ACAPULCO,1987,1,1,20,60,A7A7E8B8*0?9?9?9?9?9?9?9A7A7A7*0A7A7*0E8*0*0,27.0,22.0,74,101200,0,1415,413,0,0,0,0,0,0,0,0,0.0,0,5,12.8,22000,9,999999999,0,0.1420,0,88,0.000,0.0,0.0
HARARE,1989,1,1,4,60,C9C9C9*0*0?9?9?9?9?9?9?9*0B8B8B8B8*0*0E8*0*0,16.8,13.3,80,84525,0,1415,353,0,0,0,0,0,0,0,110,0.8,7,6,30.0,22000,9,999999999,0,0.1270,0,88,0.000,0.0,0.0
HAMBANTOTA,1996,1,1,9,60,E9E9E9E9*0H5H5H5I5I5I5I5E9E9E9E9*0*0F87F9?9?,26.0,19.9,69,100900,546,1414,404,293,373,149,31800,28300,20900,3100,50,4.3,8,5,22.0,9000,9,999999999,37,0.0170,899,9,0.000,0.0,0.0
MOUNT_WASHINGTON,1995,1,1,21,60,XXXXXXX,-7.9,-7.9,100,79200,E1,E2,H1,0,D1,D2,G1,D3,D4,Z1,W1,20.5,T1,O1,V1,C1,P1,P2,P3,X1,X2,X3,X4,X5,X6
BURKE_LAKEFRONT,2003,1,1,21,60,XXXXXXX,0.2,-1.8,85,99200,E1,E2,H1,0,D1,D2,G1,D3,D4,Z1,W1,10.3,T1,O1,V1,C1,P1,P2,P3,X1,X2,X3,X4,X5,X6
