#LOCATION,Year,Month,Day,Hour,Minute,Data_Source,Dry_Bulb_Temp_(C),Dew_Point_Temp_(C),Rel_Humidity_(%),Pressure_(Pa),ETHR_(Wh/m2),ETDNR_(Wh/m2),HIRIFS_(Wh/m2),GHR_(Wh/m2),DNR_(Wh/m2),DIFFHR_(Wh/m2),GHI_(lux),DNI_(lux),DHI_(lux),Z_(lux),Wind_Dir_(degrees),Wind_Speed_(m/s),TSC_(tenths),OSC_(tenths),Visibility_(km),Ceil_Height_(m),Pres_Weather,Pres_Weather_Code,Precip_Water_(mm),Aerosol_Opt_Depth_(thousands),Snow_Depth_(cm),Days_Last_Snow,Albedo,Liquid_Precip_Depth_(mm),Liquid_Precip_Rate_(hours)
MEXICO_CITY,1991,1,1,11,60,A7A7E8B8*0G9G9G9I9I9I9I9A7A7A7*0A7A7*0E8*0*0,16.0,8.0,59,77900,850,1415,340,471,361,253,52100,35100,31200,6040,320,2.1,9,5,4.8,2700,0,999999909,0,0.0580,0,88,0.000,0.0,0.0
CARACAS,1984,1,1,13,60,A7A7E8B8*0H9H9H9I9I9I9I9A7A7B8B8A7A7*0E8*0*0,30.0,21.0,59,100800,1174,1415,412,863,891,121,95300,94800,16200,3840,110,0.5,1,1,11.2,22000,9,999999999,0,0.2350,0,88,0.000,0.0,0.0
NAIROBI,1992,1,1,20,60,B8B8E8*0*0?9?9?9?9?9?9?9*0B8B8B8B8*0*0E8*0*0,17.8,13.1,74,83277,0,1415,341,0,0,0,0,0,0,0,30,5.3,3,1,30.0,9000,9,999999999,0,0.1740,0,88,0.000,0.0,0.0
DIRE_DAWA_MIL_CIV,1995,1,1,20,60,B8B8E8B8*0H5H5H5I5I5I5I5E9B8B8E9*0*0F80F9?9?,22.1,11.0,49,89300,0,0,359,0,0,0,0,0,0,0,30,1.0,2,1,30.0,77777,9,999999999,20,0.0160,899,9,0.000,0.0,0.0
NADI,1990,1,1,5,60,C9C9C9C9*0?9?9?9?9?9?9?9*0B8B8B8B8*0*0E8*0*0,22.7,18.9,80,100600,0,1415,371,0,0,0,0,0,0,0,90,2.1,4,1,20.0,22000,9,999999999,0,0.1100,0,88,0.000,0.0,0.0
MELBOURNE,1996,1,1,3,60,C9C9C9C9*0?9?9?9?9?9?9?9A7A7B8A7A7A7*0E8*0*0,16.9,16.4,97,99100,0,1415,357,0,0,0,0,0,0,0,0,0.0,9,6,25.0,1800,9,999999999,0,0.1540,0,88,0.000,0.0,0.0
DARWIN,1990,1,1,2,60,C9C9C9C9*0?9?9?9?9?9?9?9A7A7B8B8A7*0*0E8*0*0,25.3,22.8,86,100500,0,1415,382,0,0,0,0,0,0,0,0,0.0,4,0,9.9,10500,9,999999999,0,0.1690,0,88,0.000,0.0,0.0
COMBOLCHA_DESSIE,1979,1,1,20,60,E9E9E9E9*0H5H5H5I5I5I5I5E9E9E9E9*0*0F84F9?9?,17.3,15.2,87,82200,0,0,367,0,0,0,0,0,0,0,0,0.0,8,8,25.0,3000,9,999999999,27,0.0050,899,9,0.000,0.0,0.0
ASUNCION,1993,1,1,14,60,C8C8E8C8*0H9H9H9I9I9I9I9*0C8C8C8C8*0*0E8*0*0,30.8,23.0,63,100000,1307,1415,419,711,298,435,79600,24300,56700,24520,330,6.0,7,1,17.9,990,9,999999999,0,0.3030,0,88,0.000,0.0,0.0
ACAPULCO,1987,1,1,11,60,A7A7E8B8*0G9G9G9I9I9I9I9A7A7A7*0A7A7*0E8*0*0,30.0,21.0,59,101300,883,1415,428,612,828,93,69100,85900,13700,2340,0,0.0,2,5,12.8,22000,9,999999999,0,0.1420,0,88,0.000,0.0,0.0
HARARE,1989,1,1,19,60,B8B8E8*0*0H9H9H9I9I9I9I9*0B8B8B8B8*0*0E8*0*0,22.7,13.3,56,84525,40,1415,373,7,0,7,800,0,800,240,140,3.4,6,3,30.0,2700,9,999999999,0,0.1270,0,88,0.000,0.0,0.0
HAMBANTOTA,1996,1,1,24,60,E9E9E9E9*0H5H5H5I5I5I5I5E9E9E9E9E9E9F87F9?9?,24.5,22.4,88,100900,0,0,403,0,0,0,0,0,0,0,50,5.0,6,6,22.0,77777,9,999999999,44,0.0170,899,9,0.000,0.0,0.0
MOUNT_WASHINGTON,1995,1,1,12,60,XXXXXXX,-1.7,-1.9,98,79500,E1,E2,H1,83,D1,D2,G1,D3,D4,Z1,W1,16.7,T1,O1,V1,C1,P1,P2,P3,X1,X2,X3,X4,X5,X6
BURKE_LAKEFRONT,2003,1,1,12,60,XXXXXXX,1.0,-1.0,86,99100,E1,E2,H1,389,D1,D2,G1,D3,D4,Z1,W1,9.8,T1,O1,V1,C1,P1,P2,P3,X1,X2,X3,X4,X5,X6
