#LOCATION,Year,Month,Day,Hour,Minute,Data_Source,Dry_Bulb_Temp_(C),Dew_Point_Temp_(C),Rel_Humidity_(%),Pressure_(Pa),ETHR_(Wh/m2),ETDNR_(Wh/m2),HIRIFS_(Wh/m2),GHR_(Wh/m2),DNR_(Wh/m2),DIFFHR_(Wh/m2),GHI_(lux),DNI_(lux),DHI_(lux),Z_(lux),Wind_Dir_(degrees),Wind_Speed_(m/s),TSC_(tenths),OSC_(tenths),Visibility_(km),Ceil_Height_(m),Pres_Weather,Pres_Weather_Code,Precip_Water_(mm),Aerosol_Opt_Depth_(thousands),Snow_Depth_(cm),Days_Last_Snow,Albedo,Liquid_Precip_Depth_(mm),Liquid_Precip_Rate_(hours)
MEXICO_CITY,1991,1,1,12,60,A7A7E8E8*0G9G9G9I9I9I9I9A7A7A7*0A7A7*0E8*0*0,17.0,8.0,55,77800,984,1415,344,350,45,318,39100,4300,36600,11710,40,3.1,10,5,8.0,22000,0,999999909,0,0.0580,0,88,0.000,0.0,0.0
CARACAS,1984,1,1,14,60,A7A7E8E8*0G9G9G9I9I9I9I9A7A7A7A7A7A7*0E8*0*0,29.2,22.7,68,100700,1132,1415,409,820,870,122,91400,93200,16500,3450,70,2.0,1,1,20.0,22000,9,999999999,0,0.2350,0,88,0.000,0.0,0.0
NAIROBI,1992,1,1,21,60,A7A7E8*0*0?9?9?9?9?9?9?9A7A7A7A7A7A7*0E8*0*0,15.7,13.9,89,83277,0,1415,332,0,0,0,0,0,0,0,20,4.1,1,1,30.0,22000,9,999999999,0,0.1740,0,88,0.000,0.0,0.0
DIRE_DAWA_MIL_CIV,1995,1,1,21,60,A7B8E8A7*0G5G5G5I5I5I5I5A7A7A7E9A7A7F80F9?9?,20.5,11.1,55,89400,0,0,345,0,0,0,0,0,0,0,0,0.0,0,0,30.0,77777,9,999999999,20,0.0160,899,9,0.000,0.0,0.0
NADI,1990,1,1,6,60,C9C9C9C9*0G9G9G9I9I9I9I9A7A7A7A7A7A7*0E8*0*0,22.3,18.7,81,100600,15,1415,369,4,0,4,500,0,500,140,90,2.6,4,1,20.0,22000,9,999999999,0,0.1100,0,88,0.000,0.0,0.0
MELBOURNE,1996,1,1,4,60,C9C9C9C9*0?9?9?9?9?9?9?9A7A7B8B8A7A7*0E8*0*0,17.1,16.6,97,99000,0,1415,362,0,0,0,0,0,0,0,150,1.5,9,7,11.3,1800,9,999999999,0,0.1540,0,88,0.000,0.0,0.0
DARWIN,1990,1,1,3,60,C9C9C9C9*0?9?9?9?9?9?9?9A7A7A7A7A7A7*0E8*0*0,24.8,22.3,86,100400,0,1415,378,0,0,0,0,0,0,0,0,0.0,2,0,30.0,22000,9,999999999,0,0.1690,0,88,0.000,0.0,0.0
COMBOLCHA_DESSIE,1979,1,1,21,60,E9E9E9E9*0H5H5H5I5I5I5I5E9E9E9E9E9E9F84F9?9?,17.0,15.4,90,82200,0,0,374,0,0,0,0,0,0,0,0,0.0,9,9,10.0,540,0,993999999,27,0.0050,899,9,0.000,0.0,0.0
ASUNCION,1993,1,1,15,60,C8C8E8C8*0H9H9H9I9I9I9I9*0C8C8C8C8*0*0E8*0*0,28.8,23.3,72,99900,1146,1415,400,599,160,468,66900,13200,57200,17190,330,4.5,7,0,11.7,990,9,999999999,0,0.3030,0,88,0.000,0.0,0.0
ACAPULCO,1987,1,1,12,60,A7A7E8E8*0G9G9G9I9I9I9I9A7A7A7*0A7A7*0E8*0*0,30.0,21.0,59,101300,1022,1415,428,738,867,109,81800,92000,15100,2620,170,4.1,2,5,12.8,22000,9,999999999,0,0.1420,0,88,0.000,0.0,0.0
HARARE,1989,1,1,20,60,B8B8E8*0*0?9?9?9?9?9?9?9*0B8B8B8B8*0*0E8*0*0,21.5,13.4,60,84525,0,1415,364,0,0,0,0,0,0,0,140,2.6,5,2,30.0,2700,9,999999999,0,0.1270,0,88,0.000,0.0,0.0
HAMBANTOTA,1996,1,1,1,60,E9E9E9E9*0H5H5H5I5I5I5I5E9E9E9E9*0*0F87F9?9?,24.5,20.7,79,100900,0,0,412,0,0,0,0,0,0,0,50,0.8,9,8,777.7,77777,9,999999999,39,0.0170,899,9,0.000,0.0,0.0
MOUNT_WASHINGTON,1995,1,1,13,60,XXXXXXX,-1.7,-1.7,100,79400,E1,E2,H1,81,D1,D2,G1,D3,D4,Z1,W1,15.4,T1,O1,V1,C1,P1,P2,P3,X1,X2,X3,X4,X5,X6
BURKE_LAKEFRONT,2003,1,1,13,60,XXXXXXX,1.0,-1.0,86,99000,E1,E2,H1,66,D1,D2,G1,D3,D4,Z1,W1,11.3,T1,O1,V1,C1,P1,P2,P3,X1,X2,X3,X4,X5,X6
