#LOCATION,Year,Month,Day,Hour,Minute,Data_Source,Dry_Bulb_Temp_(C),Dew_Point_Temp_(C),Rel_Humidity_(%),Pressure_(Pa),ETHR_(Wh/m2),ETDNR_(Wh/m2),HIRIFS_(Wh/m2),GHR_(Wh/m2),DNR_(Wh/m2),DIFFHR_(Wh/m2),GHI_(lux),DNI_(lux),DHI_(lux),Z_(lux),Wind_Dir_(degrees),Wind_Speed_(m/s),TSC_(tenths),OSC_(tenths),Visibility_(km),Ceil_Height_(m),Pres_Weather,Pres_Weather_Code,Precip_Water_(mm),Aerosol_Opt_Depth_(thousands),Snow_Depth_(cm),Days_Last_Snow,Albedo,Liquid_Precip_Depth_(mm),Liquid_Precip_Rate_(hours)
MEXICO_CITY,1991,1,1,18,60,A7A7E8E8*0G9G9G9I9I9I9I9A7A7A7*0A7A7*0E8*0*0,21.0,4.0,33,77500,180,1415,359,87,380,38,9100,23500,6100,700,310,3.1,2,5,16.0,22000,9,999999999,0,0.0580,0,88,0.000,0.0,0.0
CARACAS,1984,1,1,20,60,A7A7E8B8*0?9?9?9?9?9?9?9A7A7A7A7A7A7*0E8*0*0,24.0,22.0,89,100700,0,1415,374,0,0,0,0,0,0,0,0,0.0,0,0,9.9,22000,9,999999999,0,0.2350,0,88,0.000,0.0,0.0
NAIROBI,1992,1,1,3,60,C9C9C9*0*0?9?9?9?9?9?9?9A7A7A7A7A7A7*0E8*0*0,14.2,12.9,92,83277,0,1415,324,0,0,0,0,0,0,0,10,2.6,7,1,30.0,2400,9,999999999,0,0.1740,0,88,0.000,0.0,0.0
DIRE_DAWA_MIL_CIV,1995,1,1,3,60,B8B8E8B8*0H5H5H5I5I5I5I5E9B8B8E9*0*0F80F9?9?,19.0,10.5,58,89600,0,0,352,0,0,0,0,0,0,0,50,0.6,4,3,777.7,77777,9,999999999,19,0.0160,899,9,0.000,0.0,0.0
NADI,1990,1,1,12,60,A7A7E8E8*0G9G9G9I9I9I9I9A7A7A7A7A7A7*0E8*0*0,30.1,19.1,52,100600,1384,1415,415,1074,987,106,117900,104700,13700,8790,290,5.7,2,2,50.0,22000,9,999999999,0,0.1100,0,88,0.000,0.0,0.0
MELBOURNE,1996,1,1,10,60,B8C8E8B8*0H9H9H9I9I9I9I9*0B8B8B8B8*0*0E8*0*0,19.3,18.8,97,99000,1085,1415,382,458,115,369,51200,10300,44400,12410,260,2.7,9,8,17.7,600,9,999999999,0,0.1540,0,88,0.000,0.0,0.0
DARWIN,1990,1,1,9,60,A7A7E8E8*0G9G9G9I9I9I9I9A7A7A7A7A7A7*0E8*0*0,27.0,24.0,84,100700,658,1415,399,250,85,211,28400,7000,24800,6050,0,0.0,9,1,30.0,12000,9,999999999,0,0.1690,0,88,0.000,0.0,0.0
COMBOLCHA_DESSIE,1979,1,1,3,60,E9E9E9E9*0H5H5H5I5I5I5I5E9E9E9E9E9E9F84F9?9?,16.8,14.0,84,82200,0,0,371,0,0,0,0,0,0,0,0,0.0,9,9,15.0,720,0,999999919,24,0.0050,899,9,0.000,0.0,0.0
ASUNCION,1993,1,1,21,60,C8C8E8C8*0?9?9?9?9?9?9?9*0C8C8C8C8*0*0E8*0*0,26.4,24.3,88,100000,0,1415,389,0,0,0,0,0,0,0,330,1.2,5,0,6.2,990,9,999999999,0,0.3030,0,88,0.000,0.0,0.0
ACAPULCO,1987,1,1,18,60,A7A7E8E8*0G9G9G9I9I9I9I9A7A7A7*0A7A7*0E8*0*0,29.0,22.0,66,101100,224,1415,424,81,129,60,8700,5200,8600,1140,200,2.6,2,5,16.0,22000,9,999999999,0,0.1420,0,88,0.000,0.0,0.0
HARARE,1989,1,1,2,60,C9C9C9*0*0?9?9?9?9?9?9?9A7A7A7A7A7A7*0E8*0*0,17.5,13.9,79,84525,0,1415,354,0,0,0,0,0,0,0,110,1.5,5,5,30.0,22000,9,999999999,0,0.1270,0,88,0.000,0.0,0.0
HAMBANTOTA,1996,1,1,7,60,E9E9E9E9*0H5H5H5I5I5I5I5E9E9E9E9*0*0F87F9?9?,24.7,19.1,71,100800,7,259,390,1,1,1,0,0,0,0,50,3.6,7,3,22.0,9000,9,999999999,35,0.0170,899,9,0.000,0.0,0.0
MOUNT_WASHINGTON,1995,1,1,19,60,XXXXXXX,-6.7,-6.7,100,79300,E1,E2,H1,0,D1,D2,G1,D3,D4,Z1,W1,19.5,T1,O1,V1,C1,P1,P2,P3,X1,X2,X3,X4,X5,X6
BURKE_LAKEFRONT,2003,1,1,19,60,XXXXXXX,0.0,-2.0,85,99100,E1,E2,H1,0,D1,D2,G1,D3,D4,Z1,W1,11.3,T1,O1,V1,C1,P1,P2,P3,X1,X2,X3,X4,X5,X6
