#LOCATION,Year,Month,Day,Hour,Minute,Data_Source,Dry_Bulb_Temp_(C),Dew_Point_Temp_(C),Rel_Humidity_(%),Pressure_(Pa),ETHR_(Wh/m2),ETDNR_(Wh/m2),HIRIFS_(Wh/m2),GHR_(Wh/m2),DNR_(Wh/m2),DIFFHR_(Wh/m2),GHI_(lux),DNI_(lux),DHI_(lux),Z_(lux),Wind_Dir_(degrees),Wind_Speed_(m/s),TSC_(tenths),OSC_(tenths),Visibility_(km),Ceil_Height_(m),Pres_Weather,Pres_Weather_Code,Precip_Water_(mm),Aerosol_Opt_Depth_(thousands),Snow_Depth_(cm),Days_Last_Snow,Albedo,Liquid_Precip_Depth_(mm),Liquid_Precip_Rate_(hours)
MEXICO_CITY,1991,1,1,15,60,A7A7E8E8*0G9G9G9I9I9I9I9A7A7A7*0A7A7*0E8*0*0,22.0,6.0,35,77400,900,1415,366,504,312,305,55400,30900,36500,7770,90,3.1,9,5,9.6,900,0,999999909,0,0.0580,0,88,0.000,0.0,0.0
CARACAS,1984,1,1,17,60,A7A7E8E8*0G9G9G9I9I9I9I9A7A7A7A7A7A7*0E8*0*0,27.5,22.9,76,100600,540,1415,401,286,388,137,31100,29700,20700,2680,110,1.5,1,1,20.0,22000,9,999999999,0,0.2350,0,88,0.000,0.0,0.0
NAIROBI,1992,1,1,24,60,A7A7E8*0*0?9?9?9?9?9?9?9A7A7A7A7A7A7*0E8*0*0,14.3,13.2,93,83277,0,1415,325,0,0,0,0,0,0,0,10,2.6,1,1,30.0,22000,9,999999999,0,0.1740,0,88,0.000,0.0,0.0
DIRE_DAWA_MIL_CIV,1995,1,1,24,60,B8B8E8B8*0H5H5H5I5I5I5I5E9B8B8E9*0*0F80F9?9?,18.7,11.1,61,89400,0,0,343,0,0,0,0,0,0,0,0,0.3,1,1,30.0,77777,9,999999999,20,0.0160,899,9,0.000,0.0,0.0
NADI,1990,1,1,9,60,A7A7E8E8*0G9G9G9I9I9I9I9A7A7A7A7A7A7*0E8*0*0,29.3,19.1,54,100600,864,1415,406,606,815,107,66800,83500,15500,2510,100,1.5,1,1,50.0,22000,9,999999999,0,0.1100,0,88,0.000,0.0,0.0
MELBOURNE,1996,1,1,7,60,A7A7E8E8*0H9H9H9I9I9I9I9A7A7B8B8A7A7*0E8*0*0,19.0,18.0,94,99000,367,1415,379,113,76,93,12600,5400,11600,2040,110,1.0,9,8,11.3,1350,9,999999999,0,0.1540,0,88,0.000,0.0,0.0
DARWIN,1990,1,1,6,60,C9C9C9C9*0?9?9?9?9?9?9?9A7A7A7A7A7A7*0E8*0*0,24.2,22.7,91,100500,0,1415,383,0,0,0,0,0,0,0,0,0.0,7,1,30.0,4500,9,999999999,0,0.1690,0,88,0.000,0.0,0.0
COMBOLCHA_DESSIE,1979,1,1,24,60,E9E9E9E9*0H5H5H5I5I5I5I5E9E9E9E9*0*0F84F9?9?,16.5,15.2,92,82200,0,0,371,0,0,0,0,0,0,0,0,0.0,9,9,10.0,540,9,999999999,27,0.0050,899,9,0.000,0.0,0.0
ASUNCION,1993,1,1,18,60,C8C8E8C8*0H9H9H9I9I9I9I9*0C8C8C8C8*0*0E8*0*0,28.7,24.1,76,99900,355,1415,401,100,23,94,11300,1600,11100,2410,330,3.4,6,0,12.8,990,9,999999999,0,0.3030,0,88,0.000,0.0,0.0
ACAPULCO,1987,1,1,15,60,A7A7E8E8*0G9G9G9I9I9I9I9A7A7A7*0A7A7*0E8*0*0,30.0,22.0,62,101100,947,1415,429,480,130,393,54400,11400,45600,12660,180,5.1,9,5,16.0,21000,9,999999999,0,0.1420,0,88,0.000,0.0,0.0
HARARE,1989,1,1,23,60,A7A7E8*0*0?9?9?9?9?9?9?9A7A7A7A7A7A7*0E8*0*0,18.2,13.8,75,84525,0,1415,343,0,0,0,0,0,0,0,0,0.0,1,1,30.0,22000,9,999999999,0,0.1270,0,88,0.000,0.0,0.0
HAMBANTOTA,1996,1,1,4,60,E9E9E9E9*0H5H5H5I5I5I5I5E9E9E9E9*0*0F87F9?9?,24.3,18.9,72,100800,0,0,384,0,0,0,0,0,0,0,50,3.3,6,2,777.7,77777,9,999999999,34,0.0170,899,9,0.000,0.0,0.0
MOUNT_WASHINGTON,1995,1,1,16,60,XXXXXXX,-3.9,-3.9,100,79300,E1,E2,H1,20,D1,D2,G1,D3,D4,Z1,W1,17.0,T1,O1,V1,C1,P1,P2,P3,X1,X2,X3,X4,X5,X6
BURKE_LAKEFRONT,2003,1,1,16,60,XXXXXXX,1.0,-1.0,86,98900,E1,E2,H1,185,D1,D2,G1,D3,D4,Z1,W1,12.9,T1,O1,V1,C1,P1,P2,P3,X1,X2,X3,X4,X5,X6
