#LOCATION,Year,Month,Day,Hour,Minute,Data_Source,Dry_Bulb_Temp_(C),Dew_Point_Temp_(C),Rel_Humidity_(%),Pressure_(Pa),ETHR_(Wh/m2),ETDNR_(Wh/m2),HIRIFS_(Wh/m2),GHR_(Wh/m2),DNR_(Wh/m2),DIFFHR_(Wh/m2),GHI_(lux),DNI_(lux),DHI_(lux),Z_(lux),Wind_Dir_(degrees),Wind_Speed_(m/s),TSC_(tenths),OSC_(tenths),Visibility_(km),Ceil_Height_(m),Pres_Weather,Pres_Weather_Code,Precip_Water_(mm),Aerosol_Opt_Depth_(thousands),Snow_Depth_(cm),Days_Last_Snow,Albedo,Liquid_Precip_Depth_(mm),Liquid_Precip_Rate_(hours)
MEXICO_CITY,1991,1,1,13,60,A7A7E8B8*0G9G9G9I9I9I9I9A7A7A7*0A7A7*0E8*0*0,21.0,7.0,40,77700,1039,1415,363,373,53,334,41600,5100,38300,12800,60,3.1,10,5,8.0,22000,0,999999909,0,0.0580,0,88,0.000,0.0,0.0
CARACAS,1984,1,1,15,60,A7A7E8B8*0H9H9H9I9I9I9I9A7A7B8B8A7A7*0E8*0*0,29.0,24.0,74,100700,1005,1415,410,701,789,139,78300,82000,19500,3660,70,2.0,1,1,11.2,22000,9,999999999,0,0.2350,0,88,0.000,0.0,0.0
NAIROBI,1992,1,1,22,60,A7A7E8*0*0?9?9?9?9?9?9?9A7A7B8B8A7A7*0E8*0*0,16.0,14.0,88,83277,0,1415,333,0,0,0,0,0,0,0,30,1.5,1,1,11.2,22000,9,999999999,0,0.1740,0,88,0.000,0.0,0.0
DIRE_DAWA_MIL_CIV,1995,1,1,22,60,B8B8E8B8*0H5H5H5I5I5I5I5E9B8B8E9*0*0F80F9?9?,19.9,11.1,57,89400,0,0,342,0,0,0,0,0,0,0,0,0.1,0,0,30.0,77777,9,999999999,20,0.0160,899,9,0.000,0.0,0.0
NADI,1990,1,1,7,60,B8C8E8B8*0H9H9H9I9I9I9I9*0B8B8B8B8*0*0E8*0*0,24.6,19.0,71,100600,260,1415,381,111,267,62,11900,15400,9300,1120,90,2.2,3,1,30.0,22000,9,999999999,0,0.1100,0,88,0.000,0.0,0.0
MELBOURNE,1996,1,1,5,60,C9C9C9C9*0?9?9?9?9?9?9?9A7A7B8B8A7A7*0E8*0*0,17.1,16.6,97,99000,0,1415,368,0,0,0,0,0,0,0,160,1.5,9,8,3.5,60,0,939999999,0,0.1540,0,88,0.000,0.0,0.0
DARWIN,1990,1,1,4,60,C9C9C9C9*0?9?9?9?9?9?9?9A7A7B8B8A7*0*0E8*0*0,24.5,22.2,87,100400,0,1415,377,0,0,0,0,0,0,0,0,0.0,4,0,9.9,22000,9,999999999,0,0.1690,0,88,0.000,0.0,0.0
COMBOLCHA_DESSIE,1979,1,1,22,60,E9E9E9E9*0H5H5H5I5I5I5I5E9E9E9E9*0*0F84F9?9?,16.8,15.3,91,82200,0,0,373,0,0,0,0,0,0,0,0,0.0,9,9,10.0,540,9,999999999,27,0.0050,899,9,0.000,0.0,0.0
ASUNCION,1993,1,1,16,60,C8C8E8C8*0H9H9H9I9I9I9I9*0C8C8C8C8*0*0E8*0*0,29.5,23.7,71,99900,923,1415,405,445,130,359,50500,11200,42000,11590,330,4.3,7,0,13.2,990,9,999999999,0,0.3030,0,88,0.000,0.0,0.0
ACAPULCO,1987,1,1,13,60,A7A7E8B8*0G9G9G9I9I9I9I9A7A7A7*0A7A7*0E8*0*0,30.0,22.0,62,101200,1081,1415,429,568,306,333,63100,25300,43900,10850,160,5.1,9,5,12.8,21000,9,999999999,0,0.1420,0,88,0.000,0.0,0.0
HARARE,1989,1,1,21,60,B8B8E8*0*0?9?9?9?9?9?9?9*0B8B8B8B8*0*0E8*0*0,20.4,13.6,65,84525,0,1415,358,0,0,0,0,0,0,0,140,1.7,4,2,30.0,2700,9,999999999,0,0.1270,0,88,0.000,0.0,0.0
HAMBANTOTA,1996,1,1,2,60,E9E9E9E9*0H5H5H5I5I5I5I5E9E9E9E9*0*0F87F9?9?,24.5,20.1,77,100900,0,0,400,0,0,0,0,0,0,0,50,1.7,8,6,777.7,77777,9,999999999,37,0.0170,899,9,0.000,0.0,0.0
MOUNT_WASHINGTON,1995,1,1,14,60,XXXXXXX,-1.7,-1.7,100,79400,E1,E2,H1,69,D1,D2,G1,D3,D4,Z1,W1,18.0,T1,O1,V1,C1,P1,P2,P3,X1,X2,X3,X4,X5,X6
BURKE_LAKEFRONT,2003,1,1,14,60,XXXXXXX,1.0,-1.0,86,98800,E1,E2,H1,389,D1,D2,G1,D3,D4,Z1,W1,10.3,T1,O1,V1,C1,P1,P2,P3,X1,X2,X3,X4,X5,X6
