#LOCATION,Year,Month,Day,Hour,Minute,Data_Source,Dry_Bulb_Temp_(C),Dew_Point_Temp_(C),Rel_Humidity_(%),Pressure_(Pa),ETHR_(Wh/m2),ETDNR_(Wh/m2),HIRIFS_(Wh/m2),GHR_(Wh/m2),DNR_(Wh/m2),DIFFHR_(Wh/m2),GHI_(lux),DNI_(lux),DHI_(lux),Z_(lux),Wind_Dir_(degrees),Wind_Speed_(m/s),TSC_(tenths),OSC_(tenths),Visibility_(km),Ceil_Height_(m),Pres_Weather,Pres_Weather_Code,Precip_Water_(mm),Aerosol_Opt_Depth_(thousands),Snow_Depth_(cm),Days_Last_Snow,Albedo,Liquid_Precip_Depth_(mm),Liquid_Precip_Rate_(hours)
MEXICO_CITY,1991,1,1,16,60,A7A7E8B8*0G9G9G9I9I9I9I9A7A7A7*0A7A7*0E8*0*0,23.0,6.0,33,77500,715,1415,371,385,303,231,42000,29000,28300,5100,60,3.6,9,5,11.2,900,9,999999999,0,0.0580,0,88,0.000,0.0,0.0
CARACAS,1984,1,1,18,60,A7A7E8B8*0H9H9H9I9I9I9I9A7A7B8B8A7A7*0E8*0*0,26.0,22.0,79,100600,233,1415,392,71,65,60,8000,3300,7800,1280,110,1.5,1,1,11.2,22000,9,999999999,0,0.2350,0,88,0.000,0.0,0.0
NAIROBI,1992,1,1,1,60,C9C9C9*0*0?9?9?9?9?9?9?9*0B8B8B8B8*0*0E8*0*0,15.0,13.1,89,83277,0,1415,341,0,0,0,0,0,0,0,180,2.3,7,5,30.0,77777,9,999999999,0,0.1740,0,88,0.000,0.0,0.0
DIRE_DAWA_MIL_CIV,1995,1,1,1,60,B8B8E8B8*0H5H5H5I5I5I5I5E9B8B8E9*0*0F80F9?9?,19.5,10.5,56,89500,0,0,350,0,0,0,0,0,0,0,50,0.7,3,2,777.7,77777,9,999999999,19,0.0160,899,9,0.000,0.0,0.0
NADI,1990,1,1,10,60,B8C8E8B8*0H9H9H9I9I9I9I9*0B8B8B8B8*0*0E8*0*0,29.6,19.1,53,100600,1105,1415,413,822,926,98,90700,97800,13400,2940,100,2.9,2,2,50.0,22000,9,999999999,0,0.1100,0,88,0.000,0.0,0.0
MELBOURNE,1996,1,1,8,60,A7A7E8E8*0G9G9G9I9I9I9I9A7A7A7A7A7A7*0E8*0*0,19.4,18.9,97,99000,632,1415,376,251,106,204,28200,9200,23600,5780,260,1.5,9,7,25.0,1350,9,999999999,0,0.1540,0,88,0.000,0.0,0.0
DARWIN,1990,1,1,7,60,A7A7E8E8*0H9H9H9I9I9I9I9A7A7B8B8A7A7*0E8*0*0,25.0,23.0,89,100500,47,1415,388,7,0,7,800,0,800,250,0,0.0,8,1,11.2,12000,9,999999999,0,0.1690,0,88,0.000,0.0,0.0
COMBOLCHA_DESSIE,1979,1,1,1,60,E9E9E9E9*0H5H5H5I5I5I5I5E9E9E9E9*0*0F84F9?9?,17.5,14.7,84,82100,0,0,376,0,0,0,0,0,0,0,0,1.3,9,9,777.7,77777,9,999999999,26,0.0050,899,9,0.000,0.0,0.0
ASUNCION,1993,1,1,19,60,C8C8E8C8*0H9H9H9I9I9I9I9*0C8C8C8C8*0*0E8*0*0,27.7,24.2,81,99900,66,1415,396,9,0,9,1000,0,1000,310,330,3.2,6,0,12.7,990,9,999999999,0,0.3030,0,88,0.000,0.0,0.0
ACAPULCO,1987,1,1,16,60,B8C8E8B8*0H9H9H9I9I9I9I9*0B8B8*0B8*0*0E8*0*0,30.0,22.0,62,101100,763,1415,429,489,573,179,54000,48100,26400,3920,180,5.1,6,5,16.0,21000,9,999999999,0,0.1420,0,88,0.000,0.0,0.0
HARARE,1989,1,1,24,60,B8B8E8*0*0?9?9?9?9?9?9?9*0B8B8B8B8*0*0E8*0*0,17.9,14.1,78,84525,0,1415,342,0,0,0,0,0,0,0,0,0.0,2,1,25.0,22000,9,999999999,0,0.1270,0,88,0.000,0.0,0.0
HAMBANTOTA,1996,1,1,5,60,E9E9E9E9*0H5H5H5I5I5I5I5E9E9E9E9*0*0F87F9?9?,24.2,18.8,72,100800,0,0,384,0,0,0,0,0,0,0,50,3.3,6,2,777.7,77777,9,999999999,34,0.0170,899,9,0.000,0.0,0.0
MOUNT_WASHINGTON,1995,1,1,17,60,XXXXXXX,-5.6,-5.6,100,79300,E1,E2,H1,0,D1,D2,G1,D3,D4,Z1,W1,15.9,T1,O1,V1,C1,P1,P2,P3,X1,X2,X3,X4,X5,X6
BURKE_LAKEFRONT,2003,1,1,17,60,XXXXXXX,0.0,-2.0,85,98900,E1,E2,H1,50,D1,D2,G1,D3,D4,Z1,W1,11.3,T1,O1,V1,C1,P1,P2,P3,X1,X2,X3,X4,X5,X6
