#LOCATION,Year,Month,Day,Hour,Minute,Data_Source,Dry_Bulb_Temp_(C),Dew_Point_Temp_(C),Rel_Humidity_(%),Pressure_(Pa),ETHR_(Wh/m2),ETDNR_(Wh/m2),HIRIFS_(Wh/m2),GHR_(Wh/m2),DNR_(Wh/m2),DIFFHR_(Wh/m2),GHI_(lux),DNI_(lux),DHI_(lux),Z_(lux),Wind_Dir_(degrees),Wind_Speed_(m/s),TSC_(tenths),OSC_(tenths),Visibility_(km),Ceil_Height_(m),Pres_Weather,Pres_Weather_Code,Precip_Water_(mm),Aerosol_Opt_Depth_(thousands),Snow_Depth_(cm),Days_Last_Snow,Albedo,Liquid_Precip_Depth_(mm),Liquid_Precip_Rate_(hours)
MEXICO_CITY,1991,1,1,9,60,A7A7E8E8*0G9G9G9I9I9I9I9A7A7A7*0A7A7*0E8*0*0,10.0,7.0,82,78000,384,1415,311,176,236,111,19000,18400,14200,2110,10,2.6,9,5,4.8,2700,0,999999909,0,0.0580,0,88,0.000,0.0,0.0
CARACAS,1984,1,1,11,60,A7A7E8E8*0G9G9G9I9I9I9I9A7A7A7A7A7A7*0E8*0*0,30.0,18.0,49,100900,1001,1415,408,703,812,127,77400,83700,17600,3430,180,2.5,1,1,11.2,22000,9,999999999,0,0.2350,0,88,0.000,0.0,0.0
NAIROBI,1992,1,1,18,60,A7A7E8*0*0G9G9G9I9I9I9I9A7A7A7A7A7A7*0E8*0*0,22.0,11.6,52,83277,377,1415,359,136,102,109,15200,7900,13300,2400,30,7.7,7,1,30.0,9000,9,999999999,0,0.1740,0,88,0.000,0.0,0.0
DIRE_DAWA_MIL_CIV,1995,1,1,18,60,A7A7E8A7*0G5G5G5I5I5I5I5A7A7A7E9A7A7F80F9?9?,25.4,11.0,40,89200,167,1403,380,55,83,45,6000,4200,5500,940,30,3.0,5,2,30.0,77777,9,999999999,20,0.0160,899,9,0.000,0.0,0.0
NADI,1990,1,1,3,60,C9C9C9C9*0?9?9?9?9?9?9?9A7A7A7A7A7A7*0E8*0*0,23.6,19.5,78,100600,0,1415,376,0,0,0,0,0,0,0,90,1.0,4,1,20.0,22000,9,999999999,0,0.1100,0,88,0.000,0.0,0.0
MELBOURNE,1996,1,1,1,60,C9C9C9C9*0?9?9?9?9?9?9?9A7A7B8B8A7A7*0E8*0*0,15.7,15.3,97,99000,0,1415,367,0,0,0,0,0,0,0,330,1.5,10,9,11.3,22000,9,999999999,0,0.1540,0,88,0.000,0.0,0.0
DARWIN,1990,1,1,24,60,A7A7E8E8*0?9?9?9?9?9?9?9A7A7A7A7A7A7*0E8*0*0,24.0,23.7,98,100600,0,1415,434,0,0,0,0,0,0,0,150,2.6,10,10,10.0,4200,0,909999999,0,0.1690,0,88,0.000,0.0,0.0
COMBOLCHA_DESSIE,1979,1,1,18,60,E9E9E9E9*0H5H5H5I5I5I5I5E9E9E9E9E9E9F84F9?9?,18.0,14.9,82,82200,198,1414,360,70,137,51,7500,6200,6600,960,0,0.0,7,6,25.0,3000,0,999999999,26,0.0050,899,9,0.000,0.0,0.0
ASUNCION,1993,1,1,12,60,A7A7E8C8*0H9H9H9I9I9I9I9A7A7E8C8A7A7*0E8*0*0,30.0,22.0,62,100000,1405,1415,419,730,237,494,82700,20200,60000,47380,330,6.1,7,2,11.3,990,9,999999999,0,0.3030,0,88,0.000,0.0,0.0
ACAPULCO,1987,1,1,9,60,A7A7E8E8*0G9G9G9I9I9I9I9A7A7A7*0A7A7*0E8*0*0,25.0,19.0,69,101200,405,1415,398,205,239,136,21700,16200,18100,2850,0,0.0,0,5,12.8,22000,9,999999999,0,0.1420,0,88,0.000,0.0,0.0
HARARE,1989,1,1,17,60,A7A7E8*0*0G9G9G9I9I9I9I9A7A7A7A7A7A7*0E8*0*0,24.9,13.1,48,84525,635,1415,387,233,47,213,26100,4200,24500,6210,140,5.1,9,4,30.0,2700,9,999999999,0,0.1270,0,88,0.000,0.0,0.0
HAMBANTOTA,1996,1,1,22,60,E9E9E9E9*0H5H5H5I5I5I5I5E9E9E9E9*0*0F87F9?9?,25.1,22.8,87,100900,0,0,411,0,0,0,0,0,0,0,50,6.0,7,7,24.0,4500,9,999999999,45,0.0170,899,9,0.000,0.0,0.0
MOUNT_WASHINGTON,1995,1,1,10,60,XXXXXXX,-1.3,-1.3,100,79600,E1,E2,H1,56,D1,D2,G1,D3,D4,Z1,W1,18.3,T1,O1,V1,C1,P1,P2,P3,X1,X2,X3,X4,X5,X6
BURKE_LAKEFRONT,2003,1,1,10,60,XXXXXXX,1.0,-2.0,79,99400,E1,E2,H1,197,D1,D2,G1,D3,D4,Z1,W1,6.7,T1,O1,V1,C1,P1,P2,P3,X1,X2,X3,X4,X5,X6
