#LOCATION,Year,Month,Day,Hour,Minute,Data_Source,Dry_Bulb_Temp_(C),Dew_Point_Temp_(C),Rel_Humidity_(%),Pressure_(Pa),ETHR_(Wh/m2),ETDNR_(Wh/m2),HIRIFS_(Wh/m2),GHR_(Wh/m2),DNR_(Wh/m2),DIFFHR_(Wh/m2),GHI_(lux),DNI_(lux),DHI_(lux),Z_(lux),Wind_Dir_(degrees),Wind_Speed_(m/s),TSC_(tenths),OSC_(tenths),Visibility_(km),Ceil_Height_(m),Pres_Weather,Pres_Weather_Code,Precip_Water_(mm),Aerosol_Opt_Depth_(thousands),Snow_Depth_(cm),Days_Last_Snow,Albedo,Liquid_Precip_Depth_(mm),Liquid_Precip_Rate_(hours)
MEXICO_CITY,1991,1,1,23,60,A7A7E8B8*0?9?9?9?9?9?9?9A7A7A7*0A7A7*0E8*0*0,15.0,6.0,55,77700,0,1415,333,0,0,0,0,0,0,0,310,2.6,9,5,16.0,1050,9,999999999,0,0.0580,0,88,0.000,0.0,0.0
CARACAS,1984,1,1,1,60,C9C9C9C9*0?9?9?9?9?9?9?9A7A7B8B8A7*0*0E8*0*0,23.4,20.4,83,100800,0,1415,369,0,0,0,0,0,0,0,0,0.0,0,0,9.9,77777,9,999999999,0,0.2350,0,88,0.000,0.0,0.0
NAIROBI,1992,1,1,8,60,B8B8E8*0*0H9H9H9I9I9I9I9*0B8B8B8B8*0*0E8*0*0,16.3,12.3,77,83277,320,1415,333,151,323,77,16300,22800,11300,1390,0,3.1,3,1,14.0,22000,9,999999999,0,0.1740,0,88,0.000,0.0,0.0
DIRE_DAWA_MIL_CIV,1995,1,1,8,60,B8B8E8B8*0H5H5H5I5I5I5I5E9B8B8E9*0*0F80F9?9?,19.4,10.6,57,89700,317,1414,359,83,79,66,9400,5800,8100,1430,50,0.7,7,5,777.7,77777,9,999999999,19,0.0160,899,9,0.000,0.0,0.0
NADI,1990,1,1,17,60,B8C8E8B8*0H9H9H9I9I9I9I9*0B8B8B8B8*0*0E8*0*0,29.5,21.2,61,100500,707,1415,425,440,652,114,48700,61000,17700,2430,300,5.1,5,5,50.0,22000,9,999999999,0,0.1100,0,88,0.000,0.0,0.0
MELBOURNE,1996,1,1,15,60,A7A7E8E8*0G9G9G9I9I9I9I9A7A7A7A7A7A7*0E8*0*0,17.3,17.0,98,99000,1214,1415,388,368,30,343,41600,2700,39800,15370,200,4.1,10,10,3.0,60,0,939999999,0,0.1540,0,88,0.000,0.0,0.0
DARWIN,1990,1,1,14,60,A7A7E8E8*0H9H9H9I9I9I9I9A7A7B8B8A7A7*0E8*0*0,32.0,23.0,59,100500,1367,1415,435,702,122,584,80000,10800,68000,34490,100,2.1,8,3,11.2,10500,9,999999999,0,0.1690,0,88,0.000,0.0,0.0
COMBOLCHA_DESSIE,1979,1,1,8,60,E9E9E9E9*0H5H5H5I5I5I5I5E9E9E9E9*0*0F84F9?9?,15.5,14.7,95,82300,256,1414,376,45,0,45,5100,0,5100,1670,90,0.7,10,10,15.0,450,9,999999999,26,0.0050,899,9,0.000,0.0,0.0
ASUNCION,1993,1,1,2,60,C9C9C9C9*0?9?9?9?9?9?9?9A7A7B8C8A7*0*0E8*0*0,23.9,22.3,91,99900,0,1415,393,0,0,0,0,0,0,0,0,0.0,7,4,9.9,77777,9,999999999,0,0.3030,0,88,0.000,0.0,0.0
ACAPULCO,1987,1,1,23,60,A7C8E8B8*0?9?9?9?9?9?9?9*0B8A7*0A7A7*0E8*0*0,25.0,22.1,84,101400,0,1415,402,0,0,0,0,0,0,0,0,0.0,2,5,12.8,22000,9,999999999,0,0.1420,0,88,0.000,0.0,0.0
HARARE,1989,1,1,7,60,B8B8E8*0*0H9H9H9I9I9I9I9*0B8B8B8B8*0*0E8*0*0,17.7,13.7,78,84525,340,1415,349,97,69,81,11000,5000,10100,1760,80,3.9,9,3,30.0,9000,9,999999999,0,0.1270,0,88,0.000,0.0,0.0
HAMBANTOTA,1996,1,1,12,60,E9E9E9E9*0H5H5H5I5I5I5I5E9E9E9E9E9E9F87F9?9?,28.0,21.1,66,101000,1177,1414,442,516,138,402,58100,11900,48200,15490,50,5.4,9,9,26.0,3000,0,949999999,40,0.0170,899,9,0.000,0.0,0.0
MOUNT_WASHINGTON,1995,1,1,24,60,XXXXXXX,-6.7,-6.7,100,79100,E1,E2,H1,0,D1,D2,G1,D3,D4,Z1,W1,18.5,T1,O1,V1,C1,P1,P2,P3,X1,X2,X3,X4,X5,X6
BURKE_LAKEFRONT,2003,1,1,24,60,XXXXXXX,0.0,-2.0,85,99300,E1,E2,H1,0,D1,D2,G1,D3,D4,Z1,W1,9.8,T1,O1,V1,C1,P1,P2,P3,X1,X2,X3,X4,X5,X6
