#LOCATION,Year,Month,Day,Hour,Minute,Data_Source,Dry_Bulb_Temp_(C),Dew_Point_Temp_(C),Rel_Humidity_(%),Pressure_(Pa),ETHR_(Wh/m2),ETDNR_(Wh/m2),HIRIFS_(Wh/m2),GHR_(Wh/m2),DNR_(Wh/m2),DIFFHR_(Wh/m2),GHI_(lux),DNI_(lux),DHI_(lux),Z_(lux),Wind_Dir_(degrees),Wind_Speed_(m/s),TSC_(tenths),OSC_(tenths),Visibility_(km),Ceil_Height_(m),Pres_Weather,Pres_Weather_Code,Precip_Water_(mm),Aerosol_Opt_Depth_(thousands),Snow_Depth_(cm),Days_Last_Snow,Albedo,Liquid_Precip_Depth_(mm),Liquid_Precip_Rate_(hours)
MEXICO_CITY,1991,1,1,21,60,A7A7E8E8*0?9?9?9?9?9?9?9A7A7A7*0A7A7*0E8*0*0,15.0,4.0,48,77800,0,1415,331,0,0,0,0,0,0,0,360,3.1,2,5,19.2,22000,9,999999999,0,0.0580,0,88,0.000,0.0,0.0
CARACAS,1984,1,1,23,60,A7A7E8E8*0?9?9?9?9?9?9?9A7A7A7A7A7A7*0E8*0*0,23.0,19.0,78,100800,0,1415,366,0,0,0,0,0,0,0,0,0.0,0,0,9.9,22000,9,999999999,0,0.2350,0,88,0.000,0.0,0.0
NAIROBI,1992,1,1,6,60,C9C9C9*0*0?9?9?9?9?9?9?9A7A7A7A7A7A7*0E8*0*0,11.8,11.5,98,83277,0,1415,312,0,0,0,0,0,0,0,0,0.0,1,1,2.0,22000,0,999999099,0,0.1740,0,88,0.000,0.0,0.0
DIRE_DAWA_MIL_CIV,1995,1,1,6,60,B8B8E8B8*0H5H5H5I5I5I5I5E9B8B8E9*0*0F80F9?9?,18.2,10.5,61,89700,0,0,353,0,0,0,0,0,0,0,50,0.4,6,5,777.7,77777,9,999999999,19,0.0160,899,9,0.000,0.0,0.0
NADI,1990,1,1,15,60,A7A7E8E8*0G9G9G9I9I9I9I9A7A7A7A7A7A7*0E8*0*0,30.5,20.2,54,100500,1191,1415,427,889,935,100,98400,99300,13500,3620,300,6.2,4,4,50.0,22000,9,999999999,0,0.1100,0,88,0.000,0.0,0.0
MELBOURNE,1996,1,1,13,60,A7A7E8E8*0H9H9H9I9I9I9I9A7A7B8B8A7A7*0E8*0*0,18.0,18.0,100,99000,1366,1415,393,424,31,394,48000,2800,45800,24310,190,4.1,10,10,5.0,150,9,999999999,0,0.1540,0,88,0.000,0.0,0.0
DARWIN,1990,1,1,12,60,A7A7E8E8*0G9G9G9I9I9I9I9A7A7A7A7A7A7*0E8*0*0,30.7,22.1,60,100600,1311,1415,423,753,339,437,84200,28200,56300,25130,100,1.5,7,2,30.0,10500,9,999999999,0,0.1690,0,88,0.000,0.0,0.0
COMBOLCHA_DESSIE,1979,1,1,6,60,E9E9E9E9*0H5H5H5I5I5I5I5E9E9E9E9E9E9F84F9?9?,15.6,14.6,94,82200,0,0,376,0,0,0,0,0,0,0,90,2.0,10,10,15.0,450,0,993999999,26,0.0050,899,9,0.000,0.0,0.0
ASUNCION,1993,1,1,24,60,C8C8E8C8*0?9?9?9?9?9?9?9*0C8C8C8C8*0*0E8*0*0,26.1,24.3,90,99900,0,1415,387,0,0,0,0,0,0,0,330,1.6,3,0,11.1,990,9,999999999,0,0.3030,0,88,0.000,0.0,0.0
ACAPULCO,1987,1,1,21,60,A7A7E8E8*0?9?9?9?9?9?9?9A7A7A7*0A7A7*0E8*0*0,26.0,23.0,84,101300,0,1415,408,0,0,0,0,0,0,0,0,0.0,2,5,12.8,22000,9,999999999,0,0.1420,0,88,0.000,0.0,0.0
HARARE,1989,1,1,5,60,C9C9C9*0*0?9?9?9?9?9?9?9A7A7A7A7A7A7*0E8*0*0,16.3,13.2,82,84525,0,1415,350,0,0,0,0,0,0,0,100,0.5,7,6,30.0,2700,9,999999999,0,0.1270,0,88,0.000,0.0,0.0
HAMBANTOTA,1996,1,1,10,60,E9E9E9E9*0H5H5H5I5I5I5I5E9E9E9E9*0*0F87F9?9?,26.7,20.3,68,100900,821,1414,412,277,235,141,31700,19700,20200,3160,50,4.7,8,6,22.0,9000,9,999999999,38,0.0170,899,9,0.000,0.0,0.0
MOUNT_WASHINGTON,1995,1,1,22,60,XXXXXXX,-7.3,-7.3,100,79200,E1,E2,H1,0,D1,D2,G1,D3,D4,Z1,W1,21.1,T1,O1,V1,C1,P1,P2,P3,X1,X2,X3,X4,X5,X6
BURKE_LAKEFRONT,2003,1,1,22,60,XXXXXXX,0.0,-2.0,85,99200,E1,E2,H1,0,D1,D2,G1,D3,D4,Z1,W1,10.3,T1,O1,V1,C1,P1,P2,P3,X1,X2,X3,X4,X5,X6
