#LOCATION,Year,Month,Day,Hour,Minute,Data_Source,Dry_Bulb_Temp_(C),Dew_Point_Temp_(C),Rel_Humidity_(%),Pressure_(Pa),ETHR_(Wh/m2),ETDNR_(Wh/m2),HIRIFS_(Wh/m2),GHR_(Wh/m2),DNR_(Wh/m2),DIFFHR_(Wh/m2),GHI_(lux),DNI_(lux),DHI_(lux),Z_(lux),Wind_Dir_(degrees),Wind_Speed_(m/s),TSC_(tenths),OSC_(tenths),Visibility_(km),Ceil_Height_(m),Pres_Weather,Pres_Weather_Code,Precip_Water_(mm),Aerosol_Opt_Depth_(thousands),Snow_Depth_(cm),Days_Last_Snow,Albedo,Liquid_Precip_Depth_(mm),Liquid_Precip_Rate_(hours)
MEXICO_CITY,1991,1,1,19,60,A7A7E8B8*0G9G9G9I9I9I9I9A7A7A7*0A7A7*0E8*0*0,19.0,5.0,40,77600,1,1415,350,0,0,0,0,0,0,10,20,5.1,9,5,19.2,900,9,999999999,0,0.0580,0,88,0.000,0.0,0.0
CARACAS,1984,1,1,21,60,A7A7E8B8*0?9?9?9?9?9?9?9A7A7B8B8A7*0*0E8*0*0,24.0,21.0,83,100700,0,1415,373,0,0,0,0,0,0,0,0,0.0,0,0,9.9,22000,9,999999999,0,0.2350,0,88,0.000,0.0,0.0
NAIROBI,1992,1,1,4,60,C9C9C9*0*0?9?9?9?9?9?9?9*0B8B8B8B8*0*0E8*0*0,13.5,12.5,94,83277,0,1415,320,0,0,0,0,0,0,0,10,1.7,5,1,20.7,2400,9,999999999,0,0.1740,0,88,0.000,0.0,0.0
DIRE_DAWA_MIL_CIV,1995,1,1,4,60,B8B8E8B8*0H5H5H5I5I5I5I5E9B8B8E9*0*0F80F9?9?,18.7,10.5,59,89600,0,0,353,0,0,0,0,0,0,0,50,0.5,5,4,777.7,77777,9,999999999,19,0.0160,899,9,0.000,0.0,0.0
NADI,1990,1,1,13,60,B8C8E8B8*0H9H9H9I9I9I9I9*0B8B8B8B8*0*0E8*0*0,30.2,19.5,53,100500,1402,1415,421,1088,977,117,119300,103800,15000,11890,290,5.9,3,3,50.0,22000,9,999999999,0,0.1100,0,88,0.000,0.0,0.0
MELBOURNE,1996,1,1,11,60,B8C8E8B8*0H9H9H9I9I9I9I9*0B8B8B8B8*0*0E8*0*0,19.1,18.7,97,99000,1243,1415,389,464,33,436,52500,3000,50400,19710,260,3.9,10,9,10.3,600,9,999999999,0,0.1540,0,88,0.000,0.0,0.0
DARWIN,1990,1,1,10,60,A7A7E8E8*0H9H9H9I9I9I9I9A7A7B8B8A7A7*0E8*0*0,28.0,25.0,84,100700,936,1415,411,435,140,342,48800,11100,43000,9870,0,0.0,8,2,11.2,5400,9,999999999,0,0.1690,0,88,0.000,0.0,0.0
COMBOLCHA_DESSIE,1979,1,1,4,60,E9E9E9E9*0H5H5H5I5I5I5I5E9E9E9E9*0*0F84F9?9?,16.4,14.2,87,82200,0,0,369,0,0,0,0,0,0,0,0,0.7,9,9,15.0,720,9,999999999,25,0.0050,899,9,0.000,0.0,0.0
ASUNCION,1993,1,1,22,60,C8C8E8C8*0?9?9?9?9?9?9?9*0C8C8C8C8*0*0E8*0*0,25.9,24.3,91,100000,0,1415,386,0,0,0,0,0,0,0,330,1.0,4,0,11.5,990,9,999999999,0,0.3030,0,88,0.000,0.0,0.0
ACAPULCO,1987,1,1,19,60,A7A7E8B8*0G9G9G9I9I9I9I9A7A7A7*0A7A7*0E8*0*0,27.0,23.0,79,101200,7,1415,414,2,0,2,200,0,200,60,0,0.0,2,5,12.8,22000,9,999999999,0,0.1420,0,88,0.000,0.0,0.0
HARARE,1989,1,1,3,60,C9C9C9*0*0?9?9?9?9?9?9?9*0B8B8B8B8*0*0E8*0*0,17.1,13.5,79,84525,0,1415,351,0,0,0,0,0,0,0,110,1.2,6,5,30.0,22000,9,999999999,0,0.1270,0,88,0.000,0.0,0.0
HAMBANTOTA,1996,1,1,8,60,E9E9E9E9*0H5H5H5I5I5I5I5E9E9E9E9*0*0F87F9?9?,25.3,19.5,70,100800,231,1414,397,73,53,64,8200,3400,7600,1530,50,4.0,7,4,22.0,9000,9,999999999,36,0.0170,899,9,0.000,0.0,0.0
MOUNT_WASHINGTON,1995,1,1,20,60,XXXXXXX,-7.3,-7.3,100,79200,E1,E2,H1,0,D1,D2,G1,D3,D4,Z1,W1,20.0,T1,O1,V1,C1,P1,P2,P3,X1,X2,X3,X4,X5,X6
BURKE_LAKEFRONT,2003,1,1,20,60,XXXXXXX,0.0,-2.0,85,99100,E1,E2,H1,0,D1,D2,G1,D3,D4,Z1,W1,10.3,T1,O1,V1,C1,P1,P2,P3,X1,X2,X3,X4,X5,X6
